122 91 112
121 111 132
132 111 122
143 122 133
132 141 121
153 154 155
122 112 133
153 144 154
152 161 160
132 142 141
142 152 160
143 142 132
157 161 155
122 143 132
133 144 153
133 123 144
142 151 141
143 152 142
152 153 155
152 143 153
133 153 143
154 145 155
160 161 159
151 160 150
150 160 159
151 142 160
155 161 152
71 51 61
52 83 93
31 72 41
42 52 31
72 52 62
82 72 62
72 82 51
92 82 62
81 61 102
41 72 51
52 72 31
92 102 82
82 61 51
112 91 102
93 62 52
92 103 123
62 93 103
82 102 61
112 102 92
62 103 92
123 112 92
93 124 103
103 113 123
103 124 113
112 123 133
83 124 93
113 144 123
50 70 39
50 39 29
70 80 59
71 50 40
70 59 39
60 50 71
101 80 60
50 60 70
80 70 60
81 71 61
71 81 60
100 59 80
60 81 101
59 100 79
90 80 101
80 90 100
90 131 100
81 91 101
111 101 91
81 102 91
90 101 111
121 90 111
131 90 121
122 111 91
131 110 100
95 115 125
104 124 83
63 84 104
114 124 104
85 95 105
135 94 125
84 64 105
135 114 94
84 94 104
125 105 95
94 84 105
104 94 114
125 146 135
115 95 126
134 113 114
114 113 124
125 94 105
113 134 144
145 156 155
134 114 135
136 146 115
136 156 146
134 135 145
135 146 145
115 146 125
144 134 154
134 145 154
145 146 156
11 2 3
11 21 20
4 3 2
0 2 1
8 1 9
1 2 10
10 9 1
19 20 30
11 20 10
2 11 10
9 10 19
9 29 18
19 29 9
20 19 10
3 22 11
21 41 20
22 21 11
31 21 42
30 40 19
41 21 31
71 30 51
40 29 19
40 50 29
41 51 30
30 20 41
30 71 40
58 79 89
109 119 129
88 99 109
119 139 129
89 109 99
110 79 100
89 99 58
88 78 99
109 130 119
140 139 119
110 130 89
110 89 79
149 139 150
118 108 129
130 109 89
131 121 141
131 120 110
129 139 118
108 88 129
109 129 88
110 120 130
140 130 120
139 140 150
140 119 130
120 141 151
141 120 131
140 120 151
140 151 150
6 0 7
4 0 5
5 13 4
2 0 4
3 4 12
7 0 1
6 5 0
25 24 14
5 14 13
46 26 36
13 12 4
5 6 15
14 5 15
16 6 7
16 26 6
25 35 45
24 13 14
13 24 23
25 14 15
15 6 26
15 26 46
16 27 26
45 24 25
26 27 47
25 46 35
47 36 26
35 46 36
25 15 46
57 67 47
56 76 66
67 77 56
27 37 47
37 57 47
67 56 66
78 98 57
118 128 108
35 36 66
67 66 36
47 67 36
77 67 57
76 56 97
57 37 78
108 98 88
97 56 87
77 87 56
87 77 98
76 97 107
108 87 98
57 98 77
78 88 98
87 128 97
108 128 87
34 54 44
34 44 24
45 65 34
45 35 55
86 65 55
24 45 34
45 55 65
34 65 75
66 55 35
106 75 65
55 66 76
34 75 54
55 76 86
64 54 75
65 86 106
64 75 85
106 86 96
64 85 105
96 126 106
85 106 126
107 86 76
86 107 96
96 116 126
75 106 85
115 126 116
85 126 95
107 127 96
3 12 22
12 13 23
23 33 43
22 32 42
63 73 53
12 43 22
42 32 73
32 22 43
44 33 23
22 42 21
43 53 32
23 43 12
53 43 33
24 44 23
44 54 33
63 74 84
54 74 33
64 74 54
73 52 42
52 73 83
53 33 74
53 73 32
83 73 63
84 74 64
63 53 74
104 83 63
17 7 8
28 8 18
1 8 7
28 17 8
7 17 16
18 8 9
27 16 17
18 29 39
48 27 17
48 28 38
39 49 18
58 68 38
37 27 48
28 18 49
28 48 17
68 48 38
49 39 59
38 28 49
38 69 58
49 69 38
68 78 37
68 37 48
58 99 68
49 59 69
79 69 59
69 79 58
68 99 78
127 107 117
149 158 138
159 161 157
116 127 137
97 117 107
118 138 128
149 159 158
137 148 147
116 96 127
97 128 117
147 157 156
116 136 115
116 137 136
117 148 127
128 138 117
139 149 118
137 147 136
150 159 149
127 148 137
117 138 148
118 149 138
147 156 136
155 156 157
157 147 158
147 148 158
138 158 148
157 158 159
