-0.0701979820445885 -0.0653267694843608 -0.9953917100848312
0.1810872666271320 -0.2308145517355462 -0.9559979312595990
0.1854162431827871 0.0713697990418797 -0.9800648797649588
0.1897067911471483 0.3573103293970136 -0.9145166274589270
-0.0636635997947007 0.2461889390541609 -0.9671287155020096
-0.3031113355069368 0.1080203308058551 -0.9468131422935545
-0.3379817448954029 -0.1839089700893508 -0.9230091174187464
-0.0874493561233799 -0.3563824610547963 -0.9302387605158865
0.1414916644876478 -0.5177015723148040 -0.8437802977690902
0.4099753454577548 -0.3662440308880237 -0.8353355768526125
0.4297430633401039 -0.0617019656149480 -0.9008405890890548
0.4218832986272552 0.2409944748308961 -0.8740344074693895
-0.0174209798991828 0.5285601856892094 -0.8487170550681427
-0.2949072607584253 0.4124837528952289 -0.8619088473553512
-0.5096494005824399 0.2536252703393472 -0.8221506618201148
-0.5448962208534988 -0.0300252203450213 -0.8379657478935567
-0.3555524099497058 -0.4306107649309572 -0.8295522002288538
-0.1449142311455985 -0.6144862094397132 -0.7755040709241268
0.3612378564098906 -0.6315818905712112 -0.6860113166696902
0.6369699494126172 -0.1806431736198092 -0.7494246642390757
0.6465850131177560 0.1160101130980539 -0.7539691468956061
0.5583385165291572 0.4243879646484206 -0.7128484806896841
0.2965981232482957 0.5671995487798236 -0.7683190907100730
-0.2670964162602165 0.6440669935422700 -0.7168243942907988
-0.5610141862470569 0.4946791944375037 -0.6637436081953747
-0.7145026893462333 0.2268723647223582 -0.6618268935622709
-0.6022683931522574 -0.3202001099088258 -0.7312623826125434
-0.4500918492799426 -0.6093223898958883 -0.6527967159716144
0.0811464623793404 -0.7525581609182870 -0.6535070512845321
0.6063115023014797 -0.4711205491350128 -0.6406495066412263
0.8330426511426596 -0.0090643139260384 -0.5531345040677351
0.7023603975040282 0.5295653005580826 -0.4756579279932283
0.2596383931986417 0.7759102672956774 -0.5749357893559750
-0.1884269565546516 0.8503181140440116 -0.4913800840206966
-0.6649031482635853 0.6336153283505980 -0.3955191766632012
-0.8809130681830554 0.0838992073704753 -0.4657822337819697
-0.8265610162041233 -0.2371387060434368 -0.5104528583401718
-0.4967064482878328 -0.7624471234175807 -0.4146770890964954
0.0045076705342165 -0.9087386595794643 -0.4173412626281680
0.5556693191510657 -0.6964648869223297 -0.4540575613713063
0.7953011256086736 -0.2700341127552802 -0.5427501244164255
0.7837432133398072 0.2799875579252149 -0.5543947537187449
0.5004972357214056 0.6750058538503636 -0.5420974214133223
0.0147136121338853 0.7396038201409181 -0.6728816380693815
-0.4458881190961796 0.7213560721987182 -0.5299332055560483
-0.8033352301740948 0.3873127215886447 -0.4523730359523335
-0.7382028362403275 -0.0539094835729560 -0.6724212520047484
-0.6894515113946950 -0.5131291316483092 -0.5112290168695660
-0.2268227641802101 -0.7954546693567488 -0.5619637912251947
0.3097452507126912 -0.8275903343411276 -0.4681368583716439
0.7852875924183972 -0.4793150330880970 -0.3918934756403502
0.9299683508247431 0.1462475831366275 -0.3372988450780746
0.6579790267752446 0.7091449051182668 -0.2533320032461480
0.0889433785899576 0.9092489841887963 -0.4066391030836136
-0.4218695468171876 0.8584901590726316 -0.2915831480790828
-0.9483514902187193 0.2258237271422843 -0.2227848631740971
-0.9681576775071404 -0.2496334743596089 -0.0188106343096228
-0.7121501123239793 -0.6553111809495284 -0.2518123778519990
-0.0203814563007224 -0.9920263436475518 -0.1243717401515754
0.4976896104893979 -0.8504010603416440 -0.1706548803307984
0.8877574502415186 -0.4439322546722892 -0.1216998882590088
0.9935205949508590 0.0101842640691981 -0.1131950006575377
0.8369597299716225 0.5469652615602121 -0.0180945586350606
0.1759959141326149 0.9745284323516311 -0.1389955853503902
-0.3501816451085014 0.9361702881380186 -0.0309516887533233
-0.8405893641417591 0.5099352814834247 -0.1826897084955076
-0.9607598624008699 -0.0920444505015155 -0.2616644911548673
-0.8741756090405436 -0.3868791436914946 -0.2934987780811544
-0.2704846145306058 -0.9188623283600386 -0.2872805159125802
0.2339751012347264 -0.9420639196908646 -0.2403564503375850
0.7060669440796180 -0.6719805614213629 -0.2234090319344756
0.9338117754676081 -0.1946947569217324 -0.3001491622930526
0.8550649312841473 0.4362882768090722 -0.2802079634967695
0.3954089290147948 0.8580967319838273 -0.3276000265782171
-0.1318052206613720 0.9662691543428102 -0.2212494184671167
-0.6408696334357046 0.7553439438182958 -0.1369001076588646
-0.9990517721489798 0.0411742450454552 0.0141505516118526
-0.8595242680144016 -0.5079166219555923 -0.0569099098182998
-0.5185610939765275 -0.8463041309346635 -0.1219168149878885
0.2704967320579604 -0.9622908616683937 0.0287717829733285
0.7364194510369919 -0.6759171503355285 0.0286774827464700
0.9767009979813903 -0.2120647396207258 0.0329197015744355
0.9570230604691335 0.2849534660092541 -0.0539294348163046
0.4480713607349678 0.8924430731340404 -0.0527012040107637
-0.0375503913083841 0.9975753457321589 0.0585952020215908
-0.5571774935689494 0.8218039128831606 0.1191283737408930
-0.9395463944477684 0.3381650769442235 0.0538233538113867
-0.8721013622328899 -0.4433235035569201 0.2071315649184238
-0.5067904588638222 -0.8418134446579774 0.1857782419920779
0.0046101281237023 -0.9863154205266238 0.1648048480781808
0.7077078073742518 -0.6411272873959518 0.2968256402971912
0.9342096399256865 -0.1489954486926921 0.3241183502037218
0.9014795351071141 0.3670814161173793 0.2293161174543141
0.6631809713896172 0.7479521990358464 0.0275410084086486
0.0301403481743597 0.9330484137542621 0.3584860067040047
-0.4418667262486674 0.8175567730431393 0.3692623986890272
-0.8486673672611253 0.4205703507206534 0.3207557947111429
-0.9514630032694839 -0.1611014398298958 0.2622298219008443
-0.7124711927592060 -0.6990156269600081 0.0613347597531883
-0.2776520955810220 -0.9606007025441687 0.0124741368886339
0.5215430447564972 -0.8418570833050015 0.1388146381161515
0.8807786515641146 -0.4385192112519837 0.1786893066521836
0.9824939613611045 0.0831253550103020 0.1667206983052068
0.7412975599587551 0.6137513129351220 0.2716380928176494
0.2486362947489631 0.9550607561542629 0.1613658730573301
-0.2472567523312314 0.9400087791863780 0.2350480663165460
-0.7889333109011921 0.6086045894250067 0.0847625193189891
-0.9475749874024486 0.1327371607824269 0.2906587163610775
-0.6982444884384436 -0.6261880886367592 0.3469050475487181
-0.2506526211189509 -0.9215372121727307 0.2965508895739669
0.2709555872279177 -0.9105885309543150 0.3121083097971553
0.8125266378393498 -0.3671976115268240 0.4527321248712949
0.8859580331978633 0.1427083940618379 0.4412625949210573
0.5602536631440286 0.6616625963404059 0.4983156043490614
0.3011998182606771 0.8408202086884456 0.4497777741739287
-0.4472164872331448 0.6682489580331956 0.5945088255311225
-0.6689385559477772 0.4889999478053522 0.5598216317836114
-0.8486155012285039 -0.0718523570060278 0.5241077845895568
-0.5928829604102637 -0.5199298850264075 0.6149493555664470
-0.2201736999198197 -0.8089880960676189 0.5450337625179803
0.2382125986419615 -0.7641964516420857 0.5993817991446596
0.6333984627221148 -0.5534411821232180 0.5408412385823743
0.7980011384885488 -0.0963251358148567 0.5949081031396609
0.7633676960711056 0.4158010726332886 0.4943472752955144
0.5070511726599302 0.8247515065071018 0.2503678510081834
-0.1961696360621620 0.8317052752316962 0.5194071707620211
-0.6691813514381073 0.6588121934568897 0.3437481820169963
-0.8158230059581882 0.2174137241631829 0.5358769406261491
-0.8051919813884214 -0.3584631079847458 0.4724087989461082
-0.4727143890681581 -0.7501079650560823 0.4624706986689442
0.0228990684394797 -0.8933698611066763 0.4487381462844917
0.4767747962958050 -0.7626468012522341 0.4370991308122554
0.6346929644878185 -0.3240868014497736 0.7015216218732817
0.7055423806341510 0.1798159648499308 0.6854751402597933
0.3294746512506359 0.6533659268781910 0.6815859591994793
0.0681962029297818 0.7750236107353470 0.6282417374774661
-0.4076180967857010 0.4674880650913390 0.7844121341297309
-0.6194674340200875 0.2937619671618617 0.7279862669293713
-0.6579252435158919 -0.2488613411667847 0.7107759188501137
-0.3306884674452200 -0.6185218851177737 0.7127943708595678
-0.0267370786323171 -0.7061892797021400 0.7075180774086144
0.4270256100894969 -0.5659400887936447 0.7052382180681465
0.3915563726815885 -0.3117524479588008 0.8657332257711564
0.5802829498384171 -0.0653439514146690 0.8117892991043567
0.5592766294726665 0.4406256345703390 0.7021813881648956
0.0724067897210569 0.5452883120628008 0.8351155090943959
-0.1815157847676239 0.6417026974869454 0.7451641885639509
-0.4193906766204603 0.1953778453393496 0.8865319835823103
-0.6684679503424898 0.0294523612207481 0.7431575591914767
-0.4133395215774963 -0.3731658799205747 0.8306007861573390
-0.1208652449984020 -0.4769801863575530 0.8705638944809222
0.1760857721011490 -0.5413194162981643 0.8221721780759532
0.3127390796253505 -0.0352816139191979 0.9491835838205090
0.4552777101439015 0.1948360411279104 0.8687698911240702
0.3135713953457515 0.4227259621849054 0.8502798015452117
0.1251743037528509 0.2406125307613895 0.9625159758261617
-0.1518925744061398 0.3746423274663879 0.9146429753247127
-0.1847105650238324 0.0941699944572690 0.9782709334905614
-0.4440106601134707 -0.0896946396457396 0.8915208384128892
-0.1874951438922987 -0.2097074101877682 0.9596188686812830
0.1111373619080049 -0.2939523802647230 0.9493368658831451
0.0462072867948386 -0.0305766194506572 0.9984637985375480
